72203
8616
61899
12704
32274
35651
45710
21476
66348
47666
24793
64168
5115
38343
52452
36600
54379
38419
4624
42339
47180
58959
896
42124
5075
72005
755
19282
16215
22937
33462
57164
9531
23159
47846
19783
36788
21353
41260
8911
69019
44031
876
52112
10171
31306
66691
42529
69725
49293
12665
22681
36049
63743
64805
41125
63545
43538
38385
7557
44453
71847
64721
53985
22803
18343
51746
37569
39696
70984
46480
14491
20791
25334
66603
30962
56641
39069
51469
32141
16160
42113
32800
52209
33653
25402
71312
2973
68941
37494
10530
41191
37139
53229
951
37920
71572
30676
3287
17044
29457
27745
9513
50248
53080
54094
59189
15496
20961
16433
25615
37121
36524
58416
67308
48155
61796
66418
51128
36512
31709
39636
55682
46826
20663
56633
12544
70213
65287
66012
65235
520
71735
2545
28746
30590
56640
65913
46086
55579
10144
49680
20497
24646
35893
65783
599
25486
59998
51727
61999
69686
19161
23456
22287
17802
58067
12809
65993
51152
6618
59026
51672
56332
39549
8215
14719
23986
52107
60806
57543
62251
16261
56018
14694
52154
49599
65474
55618
37394
44999
23392
12855
42138
46848
35143
37918
32713
47952
31708
11662
32549
18531
41312
16678
36059
27505
31397
60045
7409
70181
45386
47638
14239
29201
40311
44371
56778
33582
27787
72151
56559
29157
12803
4472
3803
25924
42390
14494
51855
1896
4134
12201
70608
45446
6857
34464
50929
16232
285
36317
14211
23649
61933
6428
30828
8019
28778
15404
41602
34543
15352
3936
63700
6133
8409
45481
32058
28777
59975
11710
30673
64109
1889
7057
15330
8746
41521
44238
24978
19784
8352
17167
43433
48263
1574
52240
56283
30352
67644
3660
42873
60974
7596
34370
67107
66186
7649
4940
22761
45602
16650
31412
37509
68720
38469
30817
5263
7788
2852
8220
5550
61385
3365
48984
37446
4939
29021
71707
13269
2440
3164
56142
63414
10760
68491
36296
54925
54118
41237
5483
27517
35865
36895
43004
10361
3162
1619
65805
61131
54652
1822
66681
21813
55369
21440
37237
38286
28439
36741
51556
30879
39905
13473
68
28643
59942
14343
11365
41857
33558
67029
47353
47401
31722
18154
57762
12862
69954
51365
1790
52404
31165
46449
2014
14331
45868
39251
52618
2104
53970
9949
10962
21672
1400
61211
28293
61343
3351
39659
8975
36909
12463
56328
62289
44185
2280
47848
35025
31
27010
14793
30413
58176
61243
10405
50485
34908
27634
8878
14990
9401
18827
25952
9051
70409
65142
37345
59549
68493
54982
46502
11178
67445
30628
1264
17406
10886
49112
52431
61098
54101
67225
19309
18052
34243
29714
46515
47129
57349
55394
62119
44728
2018
66050
53780
224
58989
18922
37751
33257
51882
12051
44435
47124
20657
23677
42508
31543
50768
22737
20438
32666
67940
17725
28696
29980
25418
3008
4906
60745
58402
45003
33270
38399
38850
14847
16601
25636
11747
54353
58894
63629
44382
9104
16529
43017
32782
59037
2357
11347
59752
773
21991
55489
18499
50687
63447
21895
31673
68353
10437
17873
41154
43707
34250
57982
36533
50851
11416
48280
10979
48288
17685
55361
57392
12192
26175
68152
49207
6510
7296
36757
7284
7265
70224
3761
57952
61469
25656
17423
35597
36093
13274
4548
57778
47524
62531
22108
26172
51925
48367
37152
28010
44030
70491
63380
56222
2442
59330
33226
59133
44604
47961
44395
51870
45983
48156
15597
13227
51790
10998
48824
65861
2250
31351
29415
49774
71860
51523
53925
29560
5665
69055
35548
49695
45321
26725
11692
25741
64033
22897
12672
14413
70858
57067
66283
22616
10999
59858
35843
40767
48835
62646
34426
51085
71975
63841
28657
71632
21139
60560
28989
26805
57412
64537
54478
8508
69240
44149
34250
61071
67046
46922
3281
43679
9764
47542
66296
20763
13175
7914
61531
62010
48538
1732
40893
48310
43551
47528
25717
64690
35885
32684
69473
71275
2996
29727
57761
34
1673
19808
39083
46697
44708
20342
18173
32451
45862
62447
53214
59037
70362
20520
48845
24675
230
67716
783
43781
43041
4478
14247
56904
37163
11517
33954
40159
19222
19512
18171
20895
17299
57254
67592
39985
55574
63744
233
29233
53988
31426
66249
52147
29924
20869
54801
30155
16382
55584
51914
37401
38040
66161
80
3000
55657
12012
43160
2676
9502
39309
1550
26801
24361
47120
66787
57913
38661
44998
14944
20447
4221
8990
50572
34146
7837
33170
64301
24219
66732
44012
39598
32570
15949
39678
13548
71606
29668
34686
52260
39170
1793
53810
43950
26154
28728
16512
11864
45367
61510
4786
43792
65732
63957
22162
27675
71794
33310
69954
1788
5818
19741
41386
16366
35690
59042
29914
13071
16507
64601
65332
55678
66394
24917
27425
70526
31623
43937
60368
4788
11222
65155
48580
4751
34887
48720
10404
34479
60009
58336
14245
65827
5875
55632
9990
19543
42471
39904
10593
36957
10280
53903
70613
4471
6617
25835
2794
38241
47750
41141
21007
58972
34093
47565
41702
46958
24083
52106
59415
11889
38240
1458
55694
22093
57090
43662
19614
5336
11363
30207
20271
21644
11907
18681
4093
68706
44516
57069
34744
70244
26007
55751
57014
38078
31113
26513
12833
33174
56597
46
23041
612
1504
56713
683
36572
28172
20298
19886
39536
28483
40158
39158
18369
58839
43251
14872
9131
6095
27594
7172
32102
61323
42164
70180
70414
46655
10811
9364
31050
61038
32405
31662
62542
16916
32346
4889
23066
30622
24775
62602
37083
64933
7535
55452
51570
28765
48302
60701
34860
3693
45851
66963
42994
15813
42918
41206
62468
53729
50570
21315
42564
60953
30956
10881
55847
41280
15770
6711
49880
40546
47291
14760
11254
32805
70213
62824
61570
24290
29300
2205
5962
2949
47146
48956
68943
17862
68140
59208
71591
24485
58502
19931
13236
67436
8790
47061
36513
24561
31750
14190
43085
6839
28950
54339
17622
4938
22939
6989
29229
30217
59375
35191
11144
34319
62125
7884
52181
58063
45071
29547
10345
31370
27456
1559
26603
36247
26599
41094
38786
58349
33262
9668
43166
62212
41985
60788
45129
42902
45755
52336
917
32928
65505
12061
67247
55427
70127
47225
19265
42995
54750
7589
2162
10004
9148
6743
46251
13725
25815
12834
72075
59077
480
21016
49086
20443
9602
72193
63346
55357
52326
42241
66263
45628
32280
61307
6831
30204
14307
26096
996
69058
33685
53339
57040
20812
38060
31088
34537
63875
21900
12387
50749
358
33404
5611
70982
20984
5601
62125
4138
35906
10141
48380
59512
42422
37484
66343
423
29770
70418
51601
4603
31900
32737
61643
52712
48776
20528
65228
40448
20406
5412
18995
20764
38816
2584
69724
37778
8185
59647
19895
22069
47766
68275
9379
17985
11534
53700
68590
41304
51915
47988
45907
61794
58703
35347
20281
35276
33853
13306
53703
54259
18719
50676
53001
35513
53260
50523
1089
39423
15945
20984
61493
41689
67237
48850
59675
6568
30347
34040
47873
60241
9825
71758
49832
46506
34903
70113
59761
46734
61398
41261
6769
7914
69915
37748
21405
50972
66249
472
18192
60172
71637
7482
29659
66671
34310
17131
51218
64658
51171
26888
30674
38974
4421
8303
63458
17302
56394
51016
64037
45589
70255
70806
31481
67967
14329
30865
24714
8376
31337
42907
68548
8750
28367
26004
53399
62678
21113
32414
33111
81
37280
63785
17033
41702
50066
8289
59004
12235
37283
28816
57825
13314
5397
67284
59259
19727
25946
11771
28103
35262
32656
2426
44012
61023
28431
3186
29476
49544
35601
62587
27604
50859
32147
44637
70539
60191
52926
57341
224
68188
64135
36027
9299
69533
31108
68558
17057
57055
8126
23138
20114
40782
25564
42104
7581
31973
45290
37057
9315
58869
5420
14897
37526
15545
59534
13840
3534
18236
71181
53939
14221
41092
17763
1498
38422
26849
70056
33457
11701
56161
34573
9793
2718
60137
51897
60480
70089
2963
3313
57382
61832
8733
76
5133
24278
59610
18974
5790
55824
68133
37707
48023
37022
55470
49521
53422
10117
25353
14676
71999
9311
49249
9590
62210
15162
39465
28466
63229
42428
31779
48408
10036
40512
48484
15169
42768
13869
12121
26537
69694
58233
64244
45514
23052
25490
22833
54453
13585
26164
47107
13381
13453
2132
949
3460
17294
40415
31926
58501
10640
63705
34706
20676
9992
10987
13824
30739
2834
25945
57276
325
11975
49317
23818
13006
52785
24629
67459
66370
50793
20341
7549
64246
22473
58679
45684
17745
26891
55589
4043
37532
47091
38749
36186
35062
27714
50010
65801
30549
53934
50874
8852
43887
5966
32670
34871
58752
35277
8105
30897
13867
28447
38446
56091
50920
2901
29573
68666
29792
12959
506
45302
38028
17234
9286
51068
44948
37274
44666
53475
69186
1315
62328
40871
7282
773
3539
44012
36051
11645
2706
27896
40092
19131
61966
18809
22032
19336
65453
51824
10273
65960
2902
26279
10991
12188
5145
33917
27440
49811
65371
24424
51127
55496
65295
36387
34247
46812
8196
48276
58457
61083
54151
4324
8011
43914
1112
30043
41228
66565
59846
51501
60322
62748
5577
49291
52914
10722
61187
8151
60534
54355
10553
17436
15626
53826
53823
49873
28436
39997
3925
64871
28877
58076
47174
14867
7765
48286
44910
48993
42648
10531
28291
8746
51257
11846
36015
9946
547
24999
68279
39059
7151
6629
56495
22777
60456
16093
50629
66870
56090
32532
59538
62945
68586
34509
5609
4148
60773
28498
53141
31219
17007
59410
17943
68265
49234
53958
6008
49781
6755
2084
16637
64087
58895
51110
14662
47148
67203
43269
41815
29068
3598
7128
19811
72184
19616
25420
4129
8186
31896
35248
17383
48904
433
35326
44966
27645
67263
28952
5224
1815
9015
72042
65902
67910
50950
58542
20833
45950
29608
40626
52997
33206
47754
605
11165
45348
4003
65475
31513
13878
28520
48896
62782
6931
62201
13523
34577
57261
42475
17779
59076
29468
67799
30753
25175
46546
67274
23986
70475
24679
64612
51269
35864
18142
29852
25007
63490
11833
18280
22800
25711
46800
49675
16290
31710
39673
7791
44265
2709
28245
40022
39763
57713
35618
70516
60867
9962
65587
12650
58415
68245
5060
15459
9884
23202
45311
34891
64670
35122
53171
15268
60834
5747
42921
55102
15435
60572
62894
59700
63281
18936
27519
30841
54627
41115
7132
43291
29055
517
55942
15267
46740
61002
30726
34602
12001
54015
69493
4468
67116
28440
69917
33725
12165
18613
16624
27600
6982
57496
15097
70263
54410
20594
28901
36835
39687
36034
7923
68743
14529
63865
11807
39247
30642
20512
1646
20621
52505
49117
3068
25396
5354
782
59121
17519
69577
53724
23097
4356
39017
16172
52598
71406
36766
59477
36038
4251
1286
21939
50972
15815
63783
40757
33040
22222
61269
12664
42844
19550
61782
45912
44946
45114
24672
9843
40612
24
63567
63709
4381
8359
7679
34957
7562
22423
22231
21578
4652
23518
43518
55624
17311
13076
24179
28330
13276
63426
40994
56120
60954
30573
7807
33698
3485
10458
43541
22075
60663
12883
13581
43022
21242
71441
5776
28805
21662
28008
50383
4292
29504
71879
59917
46815
12752
62074
2942
26029
53297
21915
60127
42049
52488
45913
53725
33951
34349
3041
56026
22809
15924
47586
65832
37166
46824
49586
43949
46464
5391
108
50757
12873
71987
16449
37667
62718
6320
18587
66725
37595
40502
32627
57622
20788
6337
17122
32717
18664
20163
66722
19452
14065
20083
63262
29210
44885
40645
956
19147
24015
1064
47882
36888
51030
64331
2352
41545
48629
20940
36067
64202
61442
68694
49622
60208
53010
66744
70904
49652
64886
65423
69104
6748
63484
60163
13936
36166
28606
14893
33291
30599
66138
8970
67487
44965
51279
69840
64488
5683
68758
28352
69886
57997
2822
47305
23981
33810
19824
22682
11259
12507
66083
58342
69437
57364
24280
11170
21327
52886
4041
54619
61463
48158
41567
56748
20920
20644
32363
13206
26327
28918
19536
1988
64893
336
49293
16671
34146
47096
17331
23384
59603
11211
9523
34815
46553
33803
23964
67881
64668
5983
28275
53928
54141
47820
16451
2859
46442
48814
66246
50748
5529
13579
52736
70423
64097
7805
65072
26040
54901
10201
27402
20279
21412
14903
55095
67966
48707
57037
41622
19150
63020
47875
51056
22937
23492
67508
3774
47913
44119
70020
26458
27627
61577
6991
25847
31449
14796
18716
57490
69697
28917
62870
17774
28308
5571
50847
2049
32256
13659
43671
51406
54657
69524
8237
5391
70994
3542
9165
46704
25640
57163
959
53267
24516
7951
6911
55965
725
3605
19230
70423
10501
9898
66175
38809
65650
22797
40858
25703
36456
62507
4906
18910
37806
13143
2280
36597
66867
61626
11099
20304
24565
12058
1368
27059
70190
58460
61002
70916
62065
8030
47114
50544
68109
41086
17150
39534
63883
35986
65237
6114
4268
48121
25024
42074
39242
5282
6469
33906
66909
67749
32188
19271
7604
33556
46330
5592
69994
35129
54486
59857
21137
29397
16176
67224
70483
33327
34555
40141
47291
27589
46255
29538
53688
49257
71612
20728
54540
56059
54634
27224
51605
14620
46495
37188
26154
70803
20758
23946
33729
3041
61781
32845
32438
5754
5844
8696
17059
40400
48837
64351
45967
867
71867
27453
50124
71276
48181
10439
33111
8590
37663
62694
23210
62136
27679
27343
60736
48437
51289
241
51478
18845
11064
61894
2577
16908
70590
19637
57308
47224
61966
9051
26069
61630
36504
54172
38681
62663
64611
49770
71253
8050
40262
239
48164
45919
27582
36698
22154
56849
14917
51610
3491
25981
19280
6068
20867
17667
3683
5973
42870
65649
65205
68939
33054
29506
50908
49714
19966
21295
27281
19016
7323
67543
19255
55487
41260
24815
19982
41392
9461
12877
70980
63133
16836
18057
47180
37704
13703
50863
21655
56573
22288
14657
31287
33320
44163
9993
10831
42107
9266
38113
39101
16589
11431
58357
72076
30669
61150
70037
72061
70612
10711
48817
61542
5526
66874
36519
43230
58555
65361
64885
42925
65627
7339
2010
26744
29480
62184
37576
71587
49428
53667
38485
66017
65098
2617
43868
23565
63768
41702
1401
40155
30392
50218
29494
13896
22868
43992
57126
9220
15128
27786
30124
8552
35125
10112
13274
42583
50274
50850
41967
27499
32314
58430
21313
3188
39026
43159
4731
30591
62840
6132
70746
71210
34329
6015
12903
57197
27985
70029
44395
21091
25612
52497
29643
38715
62609
42918
9095
40680
71746
29040
46157
9836
65448
45448
63205
32271
16405
67936
40840
7042
1865
17361
6049
36194
23377
18952
71369
29340
66959
21540
50432
70549
1834
58053
37061
42422
6746
24134
61080
6290
53174
35035
66307
46419
58461
57309
56669
2663
53042
25306
59886
32885
42668
43913
47058
44023
40843
46224
51341
35599
45742
29570
33945
25555
65602
48984
45955
145
915
34832
56616
32067
47845
50720
6284
34104
13804
40931
14745
66846
66237
2429
5507
14680
24320
52565
36681
65164
4564
15820
6538
50307
23368
18462
3659
16767
67446
49614
67094
46340
62424
51507
6204
38067
8003
62669
50149
71988
31397
42872
44610
3410
45301
50117
18090
47600
30479
54772
40561
35043
48570
25077
13147
71938
43539
66987
66684
16761
22376
61575
63101
12598
18857
47283
28643
4838
37750
56770
4624
47125
27439
49234
50535
50719
27148
68626
26116
57627
29173
44655
70648
5540
69732
11593
55456
41069
56558
49937
35808
6732
17287
4684
69511
36145
51967
25951
18961
67695
60699
23585
42618
15935
50797
20950
66654
5742
67554
70748
41347
2502
43200
39793
58223
40730
29364
41477
59777
63900
19211
1360
70632
36499
6044
45918
50622
35989
49847
69583
31482
38343
20966
52078
32257
49741
51006
26708
55484
24336
3232
2606
26838
46432
20377
12859
65140
27719
54336
30692
19417
51525
10030
68027
66002
16074
41743
44421
30042
69568
19780
61524
35709
18724
19377
67966
68465
70383
449
51746
494
3681
32331
27333
28092
30686
18170
71210
58406
50484
7678
55801
29806
17708
51625
1584
33783
71346
46005
41803
68712
65785
31124
10196
12306
28479
5959
8569
4637
56589
38293
5132
38249
48602
32465
66341
7086
28613
43326
43470
6894
51004
27068
14678
68713
56671
16262
8271
33793
40246
50074
8280
11806
59176
18476
2091
65633
2413
10660
70270
36980
26931
3199
3026
53512
13642
47345
60598
42255
18469
31865
27127
69473
36911
41806
43961
21379
36046
30210
55172
4089
58262
41430
15896
23213
59906
68168
16643
40297
56806
14711
5075
11534
17910
58282
43024
31553
33425
31419
51786
51894
41262
6711
27142
56151
26495
49082
5328
62541
7089
38478
44609
65352
7706
38483
66543
45590
34448
10984
63866
19051
25695
46919
8563
21583
32998
51588
53136
66423
60985
10698
24092
8023
17409
51235
64174
43904
28114
47480
12220
13181
63937
34807
56511
49621
1087
50852
986
35535
61836
64852
32564
65509
17546
41128
14889
50545
70694
68026
22743
59476
6521
46836
45477
1908
3846
37449
23790
31960
62907
13988
23119
54641
48796
7428
32059
49883
36258
33046
63397
25891
3673
1736
19197
21220
42864
34086
49743
19333
7887
283
56788
64589
47119
30062
44475
28943
45489
68265
60903
36194
60232
62001
18632
36825
47407
28670
14505
11462
39694
55880
15331
43367
57617
34528
64587
6256
46592
20105
25590
32458
20389
10175
2822
45486
40237
25276
2227
13524
71519
41108
27696
59548
30906
46328
24170
6110
52976
16654
67753
20467
331
10881
63835
57948
23387
34197
42183
69980
54303
67773
8213
52670
5745
61216
25953
23960
14289
28180
15462
13606
47267
43158
951
56151
67465
25122
62262
48238
19754
57812
68706
20085
46672
38316
56012
70059
50491
25992
45814
10569
21562
54027
63239
5285
43041
67171
7223
35308
1126
22686
48914
48393
65844
27844
32342
39084
52966
379
15120
517
36169
61804
70783
10638
5895
54592
8495
34364
58562
54309
44934
58102
14112
13948
63387
35131
8916
48589
70439
10043
71275
47151
58436
42894
52973
68756
9776
11714
69135
2874
62412
33102
42656
60992
21718
26529
21360
30213
60893
7719
62501
33624
43800
4410
47573
12962
39541
34467
61551
37777
44510
60623
62906
8722
31315
43676
5275
19069
55390
52389
72124
45599
63469
42577
12367
12984
47084
33727
43198
35774
19424
33496
47377
63224
37906
725
3984
55425
35192
65535
20999
7500
31934
61884
66403
41227
33357
71678
60296
66726
29842
60217
18100
21108
8569
30467
34093
55653
64194
55269
69405
61597
66743
44579
52618
32446
45304
34580
65849
58475
27913
14645
65975
59847
54507
38153
28871
65843
15606
67145
60366
45449
33137
6263
66557
19684
36731
6425
53315
6700
61694
50517
68297
56234
22894
26691
66658
46176
61271
60304
32448
16981
52928
4198
54806
35232
42351
61655
6850
35936
34575
67216
9182
45690
51458
3536
65374
66167
60143
46486
664
49634
2779
46940
33666
3651
1428
28121
49827
40677
66404
60254
35637
47129
42430
18240
60339
62760
57874
67190
26493
20246
40181
35675
43915
19436
17189
37086
63581
5129
61551
42224
54764
64330
16961
66408
67981
68570
304
23583
37044
44686
61815
478
69793
32043
68900
57930
22600
54571
30895
49093
52795
49054
62746
2485
46469
7732
39572
37847
63043
6898
7868
23582
49206
2807
17787
44984
49355
68272
46545
14197
40756
36158
64856
38346
68201
61553
2051
68779
21899
10924
45669
52673
59979
36212
55158
34245
21922
505
72092
62943
7403
57939
14322
56609
38724
10087
7368
15877
56338
53914
30074
24891
68050
22727
41215
42026
62259
43267
38602
62136
54191
12068
42606
41967
26258
3540
54190
26158
4045
32058
16899
61630
17794
9199
24014
56518
69468
31383
192
53603
63275
8244
6291
37100
8950
47506
6923
49187
68751
45525
39120
50740
57593
59705
70685
61829
63245
52673
65965
45268
62709
60842
34695
8300
70042
58710
42796
67307
68071
20967
48707
59143
7189
32976
24040
16139
8279
30963
43304
55009
54466
10222
33546
39856
47905
10006
7460
38947
40657
1222
62193
31163
62065
24686
17441
37882
61374
38216
10964
57242
59183
59671
22160
66372
20444
24178
60490
6701
55141
31591
61710
37404
19791
1031
55238
67696
61219
40676
12418
7651
19876
2409
38815
59919
5073
34234
25598
66447
247
36562
29464
59430
2008
51624
31578
430
3599
70046
57313
36718
7412
24798
52100
27204
3808
13113
675
65027
31767
63275
475
51643
43662
17268
39360
26713
51503
42936
20957
51750
57477
28399
16956
59485
7820
48534
37894
61600
46377
23004
4093
31767
47802
56193
58971
29588
47284
37625
22412
6848
6675
866
36469
28315
68315
3626
55028
47615
24541
3782
5141
9815
32181
22097
47278
17979
48609
12969
57557
761
13951
61650
32528
39732
23618
69478
69320
70902
34900
19530
55728
19553
70577
19994
47868
66689
1599
30693
20080
26140
12453
25221
35955
22612
47318
11030
18569
23724
1978
3923
24485
15929
65573
57013
55661
67169
32266
52779
43846
45144
50287
27371
64697
48661
25343
18340
21125
26942
49033
41205
31060
39464
66426
67015
62076
19519
56024
8442
21221
58002
62546
23684
51909
33894
8495
35368
28860
18739
66125
50684
63884
44209
5852
56378
70848
9174
2516
19770
14094
29527
38954
45155
68992
33177
39967
36843
30675
1766
45286
51896
59768
13607
3378
39475
47502
62054
52821
54340
8590
46743
32822
271
68930
16652
34628
67575
25826
37144
65323
39921
44649
32074
12873
41438
43230
30818
6079
1702
32585
29343
53598
70331
42950
34954
15581
68430
24805
46380
50568
11374
20920
11187
11645
17647
27839
46273
63200
53666
61395
56321
71565
33842
16192
62416
53258
59422
21031
59337
39102
31594
66658
70679
29723
15384
33430
23282
11611
36214
69663
62179
47588
68561
1163
59233
64187
6981
11282
55184
38625
50655
39302
37987
12294
33473
28200
43531
70873
27209
8643
37773
58804
3099
36249
66505
18483
47657
67765
8072
11668
65225
48230
59256
39562
27371
24265
31546
34352
13525
14527
774
64180
31808
16739
54453
65281
44939
25781
41929
50127
34424
7499
14706
15501
21726
59189
11962
47362
54751
20035
59030
25752
68265
24062
65314
1411
26305
24657
35764
17808
39184
36538
59966
48970
31256
42216
42048
54173
45975
11775
32097
58378
69455
46803
1676
69160
33789
63820
44319
66519
11652
9124
20068
57895
11164
63360
59306
15447
15814
845
33255
32976
15362
71200
9744
46618
19191
29770
28588
65167
19523
38664
29320
66957
13264
30996
63914
25032
22613
14008
69529
12243
1110
17394
48116
62456
58732
13198
55881
2343
64224
67115
13297
7383
66112
1019
31979
13100
30790
60568
56245
28291
27029
13362
23045
18271
22337
64937
21281
22928
6742
18607
13150
58034
13979
61266
26265
508
52442
9943
53032
22442
4855
66330
29825
70967
67349
61805
11865
3914
28148
46088
32206
33155
59451
55251
29404
9585
47986
50686
32513
32706
47271
45663
68718
61251
12705
22780
39737
43125
32724
20567
65567
15557
64875
1168
14322
37999
40951
4165
41914
69099
50253
52098
8029
15479
35146
37433
25064
61110
66097
57578
71795
41166
9016
68310
30214
21721
69069
47929
42825
7568
68496
36189
23125
61168
37357
15425
26965
6105
19590
46857
53182
47822
26752
61211
63301
39876
4420
16163
28784
70517
51719
6354
39480
38713
52642
47672
38413
49508
23399
9035
57076
69873
23202
58180
36817
60560
1402
41760
44643
71174
16414
3601
46793
21144
64812
37891
61020
47210
32032
67782
45525
61729
1933
62983
6218
54576
16431
44631
9859
39830
31644
44914
15478
54846
30891
52295
21181
32293
21852
43803
31264
16244
47404
56035
37388
17991
71905
4184
65202
31734
71966
38524
71442
51878
7282
5457
12229
23713
28066
66
41521
59710
44980
57000
42353
3668
15070
41513
13940
36923
13113
23182
31145
60517
57196
46512
6305
56898
50696
71507
66610
28437
15806
43827
58293
23089
49284
70522
24780
5147
48567
66302
42835
21344
51099
12986
2991
66169
54499
67112
8867
67612
68272
40013
33904
53265
14322
40209
37960
42996
39514
10346
71433
33298
54173
35502
56387
9233
11799
8965
64561
60366
53245
35194
9508
32141
26158
62680
4085
58635
57589
63134
32022
53658
8922
65926
34721
1222
33932
50659
44218
51424
61005
21426
12520
42976
56928
46885
52209
46706
33828
44567
34869
14870
57739
44377
47011
11694
34854
29075
70329
70421
70187
30148
51877
6906
23871
64576
8128
35782
43032
30324
15003
9813
29728
5501
52789
64635
52387
10773
39138
14012
33318
1804
28883
18855
24160
53872
30549
36992
60925
6654
35211
58909
36802
65066
65815
38652
57439
51921
2231
28268
60223
67415
38081
67930
714
68848
60362
53101
57599
5275
45091
18715
57260
1771
15548
9217
33622
24075
24188
22344
30729
59399
9051
45510
30240
52844
62140
15476
10541
64371
21722
48742
37561
37782
44469
38275
34427
10606
69354
70005
66062
20221
66698
51120
21992
10043
38315
33592
12096
62503
55937
20804
27677
42966
44292
57917
1585
34229
51371
12126
4375
891
38847
41936
38673
61294
58190
51078
71901
33319
26858
43738
53540
21353
22655
53511
9374
60971
14900
71652
29249
48815
20253
56927
19578
64545
20619
21164
26571
71991
11268
30946
50860
50115
50860
17330
39207
36847
46386
16883
48145
1042
60621
29482
373
11074
60971
59929
50023
3669
59378
7069
30462
7428
41974
50041
49951
62594
71205
4319
40360
10270
13243
19017
60386
64103
14325
5368
6726
38689
22251
54871
17709
10669
62331
18083
71924
29078
55990
49744
10725
43165
34792
41187
50593
4563
19025
6319
45135
68208
10638
13292
6276
1859
10287
44640
43940
24612
27986
50666
41280
50237
11312
58989
38884
51622
55050
38606
8497
38837
66328
69403
59980
28917
38387
16348
11459
57413
22667
56594
53418
11283
47865
37672
13142
58152
60290
57083
60743
16073
13524
7798
44288
2815
66787
10970
32415
27613
27554
18890
44428
21679
16090
32206
28575
54477
48554
40034
17665
71222
2403
49062
10302
50268
64712
1423
14196
52800
58506
52917
46851
50008
60715
18937
52823
55299
29907
63216
60890
57461
9903
33116
57118
25993
43300
63671
58449
19651
9480
3911
68851
11884
30951
6951
40130
23461
58555
32304
54239
22836
13018
28887
641
1530
47824
31443
34808
5528
22456
23495
40967
32360
34589
3861
58353
5686
67532
44599
25338
54991
26489
72167
66875
57440
57096
12780
58879
43448
45085
40915
66284
36081
69803
66926
37612
45424
4144
217
28931
26600
1690
47876
58960
36280
29715
23089
41966
25045
45666
45282
7833
72155
45247
52686
35371
30140
43444
22047
1386
66507
62963
67670
30386
38541
40371
45976
11762
44515
46193
18671
71116
47883
44526
35851
62141
2038
36918
31905
5061
10382
55165
12894
60515
28209
43558
1661
36328
64981
1687
37714
59285
64650
11159
67649
8966
29509
41422
70909
1821
15412
17378
50915
41274
39882
64745
31212
41920
29460
41095
46982
17820
24058
37854
56314
30245
59391
35953
66573
52169
37640
10062
17229
8065
71403
12676
17031
28709
54098
15738
30530
47489
11094
59424
66741
50976
51966
3728
20693
59404
44824
45653
55203
46860
11305
39314
4902
48674
3064
49454
28640
18683
59516
23847
26748
58716
36523
43780
15222
68600
59518
23731
43886
70612
10952
16402
27363
40896
20130
48056
28097
42932
71688
11097
17589
60971
28389
470
37442
9432
49924
44060
28115
15215
67907
32841
1729
32228
4418
67132
6603
41914
68841
28467
18301
57771
44869
45664
26464
64999
71699
32540
35729
71184
21615
31296
59952
27983
31766
25191
37415
9487
69251
43508
2681
42933
4146
4410
53139
58746
49520
59742
28457
24137
16006
46759
9705
38853
70401
14148
9628
69897
24666
23335
68878
24259
54631
34605
52242
64376
59796
67635
51841
34822
38940
54522
55734
21065
36910
36670
7608
14228
24210
14043
38365
18194
38780
26048
35026
36979
40196
44654
12651
42840
67989
59508
67100
28395
21910
47139
20568
59685
20550
207
282
37468
54729
56016
58533
19437
20484
44119
11643
22672
58163
27986
18844
24740
32012
53870
61719
50187
4299
2168
20824
50266
39654
15721
6459
61564
40839
5005
49046
61389
55393
27307
4632
37920
11120
63166
35335
9582
13060
24956
32254
71223
30920
29077
23761
62932
10744
63458
40916
65225
43604
61741
43288
11055
55440
27725
50598
24076
32731
5419
63443
15921
32726
46054
31819
43847
14995
45132
31407
28055
70088
41640
27076
28805
70717
28815
69716
59439
70251
38429
52461
41653
5945
23547
30686
61386
51272
9081
63440
61981
14501
32659
5700
47227
6510
15497
69052
21505
60630
6235
49560
58515
47875
54614
65299
46389
11226
62812
33625
59456
7016
64065
28906
12962
65590
59592
2145
22637
46652
65585
12416
61153
26041
68297
14155
10529
11591
61186
32034
50199
67421
59573
14490
21071
41984
7586
67460
31189
48376
6860
18442
55392
48903
25326
68354
42290
62896
48477
64928
15323
41860
5141
4273
45879
51416
68610
34387
40985
35571
66421
18982
8767
31769
33472
29838
51732
19036
3073
10718
67412
9933
7138
28579
58837
10442
24731
6902
51316
1005
71830
66640
20843
54949
48891
44701
34162
45298
6885
53126
58847
51284
72108
67614
10851
33377
3227
62583
52413
6300
51279
25600
16234
36395
54179
53049
24815
56888
59951
3928
35872
37557
70568
34693
70484
47257
7191
10422
70533
64257
63548
57178
21317
63453
30567
32168
2605
33795
526
32996
18073
29783
58596
34307
44156
18550
65334
68971
3236
31061
696
39108
46596
49243
51779
44877
24297
36949
55299
605
29003
24622
35761
50320
66053
66329
60466
68658
5899
38970
29451
23972
68753
66025
36258
40706
12373
7367
15452
65790
16406
16149
10673
63002
65392
62452
13655
67667
27198
46932
68272
34180
71555
31831
62478
65405
3935
28720
61861
60015
67690
69290
61965
42219
41091
26020
60903
53464
11366
4153
25029
27772
70483
35702
18572
41650
3929
32227
37114
31128
6956
11161
43286
56489
20970
33561
49692
2883
40259
17328
40876
35747
64596
30639
55944
33484
34637
44644
14745
46003
48797
39774
1573
25055
53454
70326
66705
57384
8328
9594
66490
65465
70937
37573
49752
19704
49112
5219
566
17169
22547
41442
30894
14940
50059
14635
26403
12494
59279
41148
36475
13852
58901
16026
38907
18130
14149
33410
3311
455
43004
47779
65921
41738
63330
21448
39421
40240
4645
17965
35387
5170
37385
66281
20110
15242
8713
24491
5714
45970
65640
42189
59822
30316
58216
26527
26424
50343
59937
7714
50799
8716
55493
22495
28433
46621
21921
45832
64839
26566
41775
28023
31736
6957
22101
29824
177
8792
54316
5891
54762
25731
48081
42382
34025
34094
46887
60449
12234
12599
68163
41011
21315
29432
63506
27726
3850
63405
51536
68689
17768
21108
2487
49504
28066
24588
7126
28243
11358
39420
34135
66120
65151
60194
36299
26973
63
10983
15219
62478
1560
61361
31287
22876
18590
568
28580
22440
63974
7914
69107
9539
29022
71594
37022
35066
1957
22126
63310
13315
61546
3220
57413
54494
41392
71691
59445
41455
60652
52642
31730
62213
41800
40995
12886
60390
41564
19444
60808
11313
27358
35690
20852
56381
13059
35852
69425
15016
57978
60532
6309
47321
41730
63723
7590
10919
63211
67035
52374
29638
47475
62083
19648
17072
30875
10512
55441
236
29957
22024
11549
57315
57715
10380
19471
70774
46232
16694
63769
9986
55204
70078
57307
2710
39576
42876
13629
8562
37708
43982
38201
63161
33862
57849
58212
64737
68362
41450
42952
26116
63474
32479
61409
26964
20837
58859
25536
45048
53531
17102
55034
36532
65158
18116
39242
10510
60992
30850
19072
4476
2629
35251
67637
14469
20898
53646
57184
67238
871
27933
71332
42324
38391
60538
69288
59228
25172
599
10051
6500
67882
65085
43033
60838
10999
60253
49326
49969
18900
68398
54445
71710
9425
27858
13976
8301
59482
71161
3336
38332
4869
2465
8453
43260
40981
55719
8264
44132
56319
18315
50632
51998
11198
21462
18611
175
59694
67937
50144
6391
42111
10365
56080
51536
38223
70056
59837
25502
69014
41151
63834
1681
21594
50265
22919
40553
33782
31183
12482
68079
27477
63115
25852
38675
62555
22442
16828
50046
18176
44950
34416
38265
55315
18293
17598
21335
66327
55413
24816
41117
24361
66628
20776
45955
44691
43695
14306
56451
52857
26788
30305
8131
17700
56157
24784
58234
6396
41612
36077
2551
64540
48471
40816
47653
44742
36393
46966
38867
19603
49760
7781
43965
44186
28557
67898
66855
50230
60182
51103
8862
14768
59386
16993
10446
43340
19755
68680
27715
39345
10533
30266
31683
36982
49060
7133
9522
13250
32077
26367
10832
9635
34148
32775
53821
40683
28470
26451
68891
16450
5351
5551
9196
42715
522
69823
13852
20278
66301
19545
37601
54812
27789
69284
19591
54828
54395
7091
68078
14270
33458
56888
1883
45584
17460
55704
64245
23909
9952
60934
18337
65484
44463
27533
35996
22963
25153
27826
21219
69432
25350
58821
30019
53139
33880
49611
13742
16073
56702
9618
8321
68139
44484
10204
41520
61945
43886
33563
63832
31816
272
9966
3075
22713
15477
17049
45676
18608
22853
66896
15838
48203
53514
23835
7118
65372
1243
20860
9242
35924
8456
67744
31860
52941
55926
51358
20661
27609
12718
62471
37403
63171
234
40478
13681
65892
57527
59358
12297
8178
32029
6113
56381
63521
29949
41477
56690
9170
62338
43911
23072
48772
39452
54932
29510
1154
12066
28149
28763
2762
18417
44145
65934
68832
12420
57593
62521
69948
22726
52797
56104
54755
36888
18260
24051
66837
59738
8539
53986
27851
52450
4855
4420
69880
37766
11909
71034
49832
18036
5573
30572
36454
49718
24303
33083
62138
9694
1380
37861
10398
54177
71943
65154
69043
18001
17002
41656
55717
3519
23439
11365
55969
6272
65966
31625
22016
55853
30456
49826
1687
36029
8196
16119
63725
32499
27180
53661
20171
28560
69500
30570
60715
69241
1499
57556
65220
68682
27009
48734
72202
28426
38077
33946
34698
9818
43549
56715
65672
1803
34338
45337
15810
42534
61456
7333
53012
66614
38972
51161
950
14247
59709
61665
61466
61208
24996
54483
35666
29983
31014
35665
36387
69091
47589
49064
56888
18936
11554
28335
70920
23870
1469
64708
66405
40903
50019
25192
35314
66969
54331
36264
9014
41838
3705
70480
30843
6679
52761
44487
14641
61753
58130
51028
36620
33517
5867
21305
30431
17421
49640
29148
41292
51109
71834
13472
69990
49651
38664
11079
44417
20792
47344
53431
62630
29027
29687
71452
13684
60426
21714
28325
49976
7642
57332
14393
19137
63199
13676
49568
8418
63316
56694
27688
20200
56325
41160
17987
33773
7621
7045
56169
6391
32367
15375
47000
61394
45062
24227
53056
33285
45941
9179
61240
31561
44489
53611
50698
13463
67288
28063
72062
58401
62735
27547
56580
24836
68707
52545
58609
54306
59590
20553
38676
19754
35929
13473
59126
8788
15678
39980
20052
39597
27137
9089
71159
71626
62700
49654
12886
57785
55696
62927
21962
46228
18271
6339
71064
14776
36862
35449
69082
24250
56002
35555
44004
69909
27006
8906
6495
20662
48886
4525
60260
3820
13614
37194
53424
54292
14645
44288
17853
48319
35012
17793
323
53284
2110
49365
46038
38972
62792
42917
63222
46592
56451
13002
44298
61435
21908
28771
9895
48772
33296
48133
30570
24888
13124
11791
57159
5747
56079
2809
32045
69070
20602
32368
28129
690
9530
1964
39662
120
22859
8660
24690
57288
71843
46966
46521
71729
53716
34394
48298
64990
60505
6665
17676
51607
68637
2632
35332
30491
55622
67377
27358
54202
27542
55487
54892
15051
35429
329
65352
58289
8989
68020
43374
8629
20761
67873
58336
2274
30064
34431
67265
18366
19074
62919
47951
15508
43529
11081
23978
26948
6255
51336
8947
11776
12599
41817
4805
48028
42146
70157
12092
29114
43952
55467
15721
64713
51137
1855
66988
59180
14264
40028
55524
11317
8722
31273
4803
52251
42354
28781
57177
48609
58096
44102
60385
70695
13716
65190
24498
33840
41122
36591
62954
12871
19855
6473
55563
48970
58509
50348
35947
570
68354
19269
11887
4873
28520
16691
35102
70874
45472
20076
47280
9343
64178
13441
7835
5691
56609
10312
17509
3507
46903
8261
66559
44736
14734
49919
71684
1040
6042
35429
51791
2193
32676
63679
57247
61196
58348
20146
37845
9595
18200
63103
18939
10175
4341
4752
66047
38929
15064
11354
42436
61967
69796
14770
12478
12327
64690
11960
63548
70732
25367
21114
50904
36021
62771
35948
2992
48916
34073
40837
36490
30251
9715
33407
40427
14057
38159
12249
30964
53224
1581
51378
20966
71377
66148
11423
61682
58635
1361
31005
57165
26728
52120
13844
40727
42688
27770
43719
69583
39821
62534
33870
70073
46
67277
16275
64284
11211
28524
1023
64435
30106
52401
63380
29280
46347
52781
68941
10757
54142
27743
45900
8667
7660
59744
27372
50349
15312
49069
25707
55133
17378
59577
53003
67605
32629
69278
59687
43840
3578
60710
14051
11662
18887
55409
18920
43212
35987
15658
53969
17926
43402
27667
4571
51062
65389
31943
7186
58679
58990
32893
41610
4165
70448
388
71770
30874
47645
37232
52693
29201
25740
44722
40863
22605
27928
59783
65817
41893
3239
47583
37797
46641
53228
42368
3478
46415
52289
10665
10869
39076
43558
52479
21219
41804
30846
20786
50656
56469
58019
9124
13467
61737
53846
32308
12139
59752
19888
55934
29442
1105
31314
67239
25724
62521
15382
29203
14711
45649
39868
25580
62703
61404
56038
11719
8983
64862
10484
37618
49128
68503
46742
40573
36015
6364
678
48154
66116
70747
31885
23356
49831
41177
68573
3352
9473
61934
32555
24184
35380
50401
27743
25881
17581
11578
15578
26564
4237
26062
42160
31343
340
16700
49894
36355
23064
28550
62487
67158
5072
147
18311
54903
41325
64863
58256
50798
54594
68789
52961
67952
46988
8501
71811
64569
70260
65368
69111
52475
19227
39069
11615
19568
33747
61509
33901
34789
68037
24186
29744
906
24333
26034
55810
43636
68875
19841
210
29244
16427
53171
24993
63415
39650
2580
33759
37707
67948
8646
17979
65153
25693
7572
12518
59440
47059
24398
22026
42893
48584
29748
43799
714
55782
5384
22329
30432
25225
22539
59676
41653
3507
12467
10843
43157
65228
22581
58842
60973
31227
4618
53923
56920
62371
44420
22135
37227
68818
22139
58098
23177
51887
29694
1869
13445
13057
24198
43877
38282
46737
31351
7732
28222
21796
68757
49357
14821
19135
35996
53772
50362
18592
13470
13057
8760
35868
35192
23965
10461
57331
9860
33638
37015
17533
13486
28438
30590
37684
113
68872
62400
9442
54583
18419
9216
51137
67777
24037
70272
31570
55787
26409
28141
69257
39466
36901
32923
2455
38845
43384
59786
48705
55001
2576
44216
68487
31015
2603
33968
9106
49454
24165
18548
31834
20563
5742
10768
16137
7757
59018
25685
63544
13224
53826
38576
52690
68706
71499
33123
35348
20659
20706
62031
53638
1260
34045
49922
32275
36648
61868
19359
13899
64012
15885
23711
12372
21627
12457
6487
29384
71475
32172
20725
62677
13796
37280
21142
60480
14554
54265
23625
35213
52949
63634
16648
54210
25476
44548
64463
40103
34214
61801
31980
26023
5483
55692
16373
27111
46127
22860
34473
45400
55032
33177
13852
46806
70457
12973
35083
12808
67238
36686
26000
25963
28118
20626
58151
31572
65175
28389
71675
27186
17987
31453
31187
23471
65123
47560
28560
17025
70420
63033
40403
53249
1985
54256
5831
239
67229
40914
63229
40242
55579
17026
66205
11494
37652
30131
43066
30624
58521
20517
35788
4305
29948
66975
5754
846
20310
34314
17871
18527
3123
58275
49755
5108
40328
55586
55529
13332
2275
46555
53574
35832
41559
25555
47326
7008
55686
68371
15611
42004
16685
29377
24288
24611
2128
30042
25457
22438
42335
43328
18944
23436
29400
68699
6522
47706
30060
62051
61038
10313
14381
20388
46146
55940
45943
71450
40927
7404
67618
56538
27387
62281
13712
51675
14689
15840
59695
40146
16257
29827
61453
35201
53263
18650
31697
37764
44335
39735
27612
33170
28026
19972
31536
1969
3709
5276
51398
44636
12681
24791
6949
40068
14870
20662
69721
7537
14480
57213
25662
30737
14838
14912
65938
46079
11540
3410
61821
55875
21123
17231
67024
27128
37203
26357
7075
18890
31634
58473
41505
22293
11062
48454
40339
3910
69116
37857
11447
61575
845
37109
70290
65864
52021
42004
17719
63562
23392
7337
47234
22494
24568
20033
49622
39749
46391
56697
36618
56003
42968
5920
6093
54030
54374
24410
57940
29266
40245
47365
68819
41090
12272
66906
34752
42271
36707
52471
33630
38078
59808
58843
60572
62355
6673
37991
7879
31042
22485
44497
14842
43431
28395
20935
3236
10567
23323
39154
17811
63568
14317
14427
32456
26589
59311
67208
46838
1794
47476
8266
39872
13059
45087
28241
3211
29738
44210
61272
60781
44673
33566
3420
15902
39940
2334
19138
50507
25657
58293
46296
17023
50588
38701
49479
55155
25809
22462
29790
27603
47916
16034
45453
60975
61121
1491
42165
68838
23679
31234
57416
68353
42778
38814
12052
10515
41148
9168
39000
44784
45439
13093
39785
23824
51794
67242
6776
55582
17501
36567
10982
43395
52601
34414
32167
19498
13883
52310
16133
37563
11341
51527
33713
32098
18138
23743
42613
37265
32911
9411
9846
56329
482
49631
7950
30255
22648
64908
13634
40149
7250
2594
61522
37829
37008
21486
57327
50892
51775
51438
16252
41094
30762
27943
989
26879
51686
43603
64144
62575
30992
51968
46701
31474
7374
32630
39707
30022
25335
53341
48149
32585
55936
37468
70414
70922
36932
33517
49611
16504
12752
43841
35577
21493
71784
36566
48372
29245
58147
18291
19618
67117
48237
44297
4367
55611
4724
44074
63611
8037
25213
39557
18600
59127
55003
16812
57846
19732
28307
35255
14215
19037
6893
49792
18508
56656
64336
44858
13698
50281
63149
11294
23173
39183
55592
27540
569
38294
71615
64180
46332
2603
9512
64932
61730
64515
59722
47373
12045
66007
60606
4238
12842
45478
54030
9328
29931
46163
54187
43629
2219
23111
54924
25393
62295
38313
30911
40842
54585
30323
32820
6692
10904
20310
49603
431
12623
37122
25783
2646
8905
64367
6884
71928
37642
38892
9053
67573
12852
63240
39000
65253
14149
21721
68624
54422
38012
27332
23061
70575
35634
33859
5065
46538
32148
54668
24948
44771
69768
28709
47417
6470
20873
32279
6195
58516
71171
65430
53886
11820
56467
70864
55051
48594
70563
51472
8791
14350
56783
9831
12723
20214
43690
17788
44730
3635
253
47656
26384
47999
4162
51779
54470
25036
11855
38643
61530
10823
31870
43213
622
66316
19853
33651
20685
18213
12921
29477
32564
47682
39308
45287
67896
60976
41053
18401
42590
19284
66058
68974
67283
48198
48551
27528
1031
38384
66172
40539
27186
3817
11550
27808
48111
9381
61459
68797
27594
52358
26071
38136
27837
65379
11220
1508
54152
30251
70091
24539
49535
63946
71492
44616
39941
25818
50122
18951
64202
44091
59490
19185
25887
49018
24971
1795
58399
64409
48570
63972
44564
2438
29905
50380
45795
19104
29866
5723
49355
27754
8240
26688
19497
7529
49282
37417
33347
27201
34346
3325
49271
71814
488
2955
48630
25460
54931
12804
17666
31299
4573
40208
11715
12457
68566
57511
31561
26230
63234
8713
53984
71474
13379
51460
56982
62661
66855
68307
67841
28998
49610
44909
28609
50099
25842
55217
53537
58751
68022
49181
17847
50573
67367
7541
63030
63731
43030
366
17758
34061
59261
49720
11310
437
28977
46270
63099
23629
20353
58737
30605
69963
9421
59215
47859
35263
20207
7171
21811
66207
56352
17637
44578
51517
3156
13383
43045
46186
63931
38781
58225
50989
16298
47513
51426
23254
21581
20300
24861
41934
57015
55467
17672
66436
20457
65532
7474
40664
50681
7264
34669
34831
2879
57225
14145
6035
48586
35168
30199
40314
51927
16221
19100
68225
41712
48505
69457
63293
68805
22116
11002
31596
5380
28675
25829
25837
72185
11282
44479
50663
68727
6945
63472
71606
42148
55595
55619
18532
68741
63796
58846
48465
7814
55925
22466
49526
32227
19720
18595
6807
19814
7575
38403
25194
14228
42211
29009
64391
53493
1286
20830
27995
58412
12099
5376
28358
45673
60995
24868
42211
30566
11511
18474
38380
45414
40940
65884
55619
38638
62457
62427
58453
70033
28627
61625
62239
48816
18432
54428
8084
69899
3055
36079
34086
65335
41455
40422
38805
8225
65290
8814
38791
54780
27288
55149
27991
46206
26809
11408
62822
17063
51813
49072
65074
58418
16473
55111
35032
34905
15314
43116
10579
18369
57174
44665
11501
26426
12885
28285
12630
5972
37099
51421
38730
42365
12346
66722
66549
39155
56108
57168
34196
35718
12016
27068
21933
6467
60157
56965
41372
3268
5857
29929
71818
63031
52572
61297
67435
43435
17379
7862
27386
32456
37262
66116
52799
49608
60635
47145
66741
44540
10089
28734
58236
83
33780
7967
6550
71915
64932
25900
53161
70789
33807
52776
39595
14176
19849
34828
57612
37228
42690
62976
47663
57930
56889
28259
35335
23300
53383
7851
45818
63472
14564
31852
41533
48344
39819
48083
26035
10526
51961
6993
59294
13565
37748
26686
27741
57597
39492
63331
600
9980
54104
48263
67910
38791
54501
9021
40069
35681
67053
13684
4928
9414
45536
46461
35737
63333
22341
61772
1657
2099
46743
60951
15664
12288
65615
21383
69885
32905
12512
70486
20863
44594
24524
66751
61363
6822
53750
29229
20481
48601
42914
25409
35993
66428
71870
71730
57559
72189
39277
59216
52266
13818
25942
45908
4084
69535
67292
1767
30237
57782
50231
29078
30173
52733
23627
19334
37534
55355
26541
58015
31753
69455
11222
67747
63681
10889
45252
49037
10876
62508
14028
41120
4123
39970
14826
8207
15280
9915
60155
23496
67697
16161
52574
3645
46873
54179
957
12204
37332
27499
48197
47063
2729
59419
20585
66410
48287
65838
21222
37141
56143
35250
6058
38244
53198
20884
24429
46457
30799
62563
69953
4271
56702
50324
58098
31372
10279
37033
21554
25589
64532
69752
449
45240
56968
21035
39447
11030
64851
38648
48171
26769
51876
54230
42991
10850
53092
45398
57307
61870
35758
55057
44119
70439
11156
30014
7586
71616
67048
29141
25002
37355
26690
25452
10392
61636
24465
27818
50645
67294
44444
26613
72041
24117
58821
20807
12945
39711
66205
48230
7356
7739
9062
51475
5975
20219
59468
63742
69813
32291
20680
22613
69646
25348
26043
58017
64963
50508
63813
43405
23577
36054
47996
23415
38149
34615
44222
51095
52304
16202
27122
59660
23941
36185
16910
7894
34382
4175
71637
31992
36466
70295
32583
33910
23441
58626
69905
66382
36931
61515
37584
38486
3344
13377
61901
41493
25970
11898
70566
56252
28101
25486
21687
30020
39649
38598
37915
52009
42773
15327
11798
57218
13419
22360
69106
36860
8783
66808
31039
23693
34098
46601
62179
37442
37957
29856
56913
41905
41754
55277
25955
47833
58741
25620
55832
26187
64218
21544
5993
12767
14849
67972
69985
28268
18129
66888
43107
26913
39471
52124
28584
1366
26523
18560
16786
42458
26394
1496
12160
46127
56773
38115
21757
43311
63736
5386
69498
33729
4908
53469
24474
19757
27217
22256
26004
23324
67122
69111
28215
34390
49032
56799
13734
53533
3157
30520
23788
29551
32017
35949
3475
16587
52042
3211
37877
21553
58778
13150
33261
41665
66620
57735
39400
71815
7789
65404
22936
52889
40290
51152
65258
17120
35748
6789
48631
16883
15288
217
24413
47305
36166
27888
41870
66186
9077
7544
15537
45834
70876
48798
15296
65293
34330
54696
42883
20097
25876
65819
50965
66166
44768
44020
61264
8314
28787
37693
25197
44075
15888
49610
19177
30032
55477
39026
24015
42532
24548
17530
16163
23221
44306
31459
66492
56615
64134
37172
4509
17807
30789
33452
61951
53535
5269
51013
61849
34057
66684
65025
5929
60550
20410
3085
18379
53865
20089
42394
24195
44637
37903
40358
45837
10006
49796
40126
66621
19705
55277
49109
37512
64044
10358
5238
45376
15628
34229
35023
27663
6688
5823
11570
67238
26233
14655
13414
58077
34744
33787
10069
57360
71690
28405
30994
59674
56179
71120
54093
3681
32172
8977
19171
24013
19335
2388
69390
12941
36617
10188
18582
43306
16011
30153
38341
20222
44808
29734
6096
57531
41499
66346
42688
40986
527
1479
6435
34684
50577
38506
38366
10547
47483
35515
12538
66819
37903
9725
57738
52499
19913
4118
23602
13902
34271
39921
34125
57057
47633
18199
42385
16929
62524
63051
35893
41029
64530
42329
3510
20883
8632
19854
9408
56116
55370
21946
28710
71251
31672
64426
51547
29563
68544
53127
43466
8590
71027
55569
65648
46457
51746
13808
63387
42067
4657
5055
61074
69187
47384
64585
68048
33995
12236
5253
68089
45584
27200
24596
44633
36850
16819
1955
66413
63342
55083
37676
71932
31885
21042
65377
6139
586
6983
47504
20631
61821
30538
9503
58805
5719
52066
32629
17692
64302
37882
13578
15662
43060
38174
38273
7707
32972
18206
1918
2089
51267
17572
1818
10949
16593
45174
67270
17179
30135
42571
15788
19753
51087
3269
56536
56807
55335
16962
2296
25413
32823
66056
41075
3680
32027
57326
11388
42977
3329
63487
45066
54597
8856
24863
65546
25449
70037
60613
20606
5947
8960
14373
25700
60047
17642
60214
22629
775
4974
2904
4166
15775
68960
23219
19455
6762
8342
8821
27718
61852
105
50762
44246
8962
3422
15568
12389
51437
54159
32996
57384
41097
47369
61062
6920
42989
49074
7527
21742
32026
10431
25908
47801
57369
49127
45234
42110
35447
54056
47806
3075
54161
26365
47321
41101
29788
40867
53491
59203
802
64465
44385
41899
17609
11222
26797
38576
60296
34325
60319
70300
22734
64205
23876
58082
19108
69111
27989
54555
50964
3592
57630
10900
7935
10727
29980
37723
29572
11268
24724
30374
53711
47087
50252
49298
58309
4846
15671
24381
39171
3787
456
61906
67993
24333
47785
14898
71422
53752
47431
28161
35322
10837
39061
43257
71745
47019
58959
29114
58287
61661
59489
17773
14523
37538
67071
629
42384
10540
2988
59534
14327
3445
27215
60298
5756
52978
53174
4975
34527
28403
33136
47827
17218
50175
18881
16760
24992
55818
45874
61257
45276
11138
6828
37777
26654
51877
38407
47017
62417
19373
34348
54723
796
39541
20796
6552
20316
1768
11527
32821
8149
22641
8445
25367
50795
5304
20105
53765
39101
43957
20797
62355
55096
5603
27930
9547
57481
44315
34542
25673
63688
46868
8193
64485
14206
6968
71037
34522
8736
60543
67343
67066
61162
53766
20230
17732
37049
40335
71497
3947
12089
70273
44280
45163
3673
7
32689
61154
44322
67231
64806
35808
41897
50977
6068
56103
57945
4902
68604
66681
43423
41722
39522
10361
1264
59752
28093
16291
5862
5366
70419
68133
3436
42496
19071
7109
42504
51760
46242
14623
24767
16823
28409
44642
67800
34477
6520
53543
17358
53102
25999
38759
22622
65522
49120
1864
31049
5011
18155
14890
10377
16371
10820
63994
58867
7869
49081
29168
37608
23120
21770
62375
39943
50179
12792
13519
62635
19312
67062
57971
50393
71039
24527
812
64358
1445
2676
1183
6456
20831
16073
67014
37202
4871
36783
1844
12740
13661
31013
50348
14760
30761
18498
32681
58918
9268
46200
49350
6559
19037
35118
56952
17874
59646
35742
60210
39069
38418
61393
23503
37227
5263
18314
52407
60315
33075
54251
853
46736
63242
29179
39474
21800
25656
72156
8516
12902
24131
57866
19461
43169
70963
4210
39021
36384
39952
27028
3250
56348
16219
26753
71553
71663
23045
51757
59776
56120
33806
38607
8631
2823
45764
48106
24624
49398
26037
33140
62301
50168
68984
9559
71315
45722
63951
38133
9903
9678
65162
13153
44005
59359
39906
43355
36797
40929
22910
2348
24846
34694
40955
33478
37517
64698
59562
40119
41893
13396
51237
31991
63564
25997
19529
62677
71719
61458
6585
59601
71136
71747
50732
42938
36881
18436
64272
1476
37343
14979
3824
62190
27651
22758
1443
43146
15253
61005
11063
35124
2198
40278
45094
43740
66275
42601
12192
43770
31856
18778
31168
8767
68503
9697
29684
33182
6111
21753
12636
43455
14710
66641
11420
42361
17196
12863
63485
10427
51846
2345
45552
54044
20602
68624
3559
14674
39022
15752
58444
70878
12508
67590
57623
58989
5085
15104
19968
61377
14835
10582
32629
29545
5021
44049
49884
195
34890
41167
10623
14533
21490
34153
46555
42092
30574
50115
56767
47574
43845
20986
46249
34331
16374
9647
21117
71640
24752
19064
60814
39587
29646
71422
69133
12645
21246
24792
12841
56137
65959
1442
48648
15247
35595
23001
35317
44147
51094
70062
19518
714
18846
43745
35045
13198
53392
56162
12635
56122
53204
51427
23507
60829
50646
70618
1271
71893
1185
64293
33805
67145
65735
10250
60370
7105
33251
23484
29230
62323
21344
26726
63037
18168
48449
25879
31366
29639
60020
21979
63739
18999
1203
15043
7625
51850
63639
59078
29518
64825
51168
63323
37745
22679
1370
3890
7762
12600
27374
14971
52901
26696
41697
43736
22842
17944
47593
54208
25561
13388
54165
17097
32388
55369
10119
40013
12994
51736
4866
42512
22336
34013
33632
38059
56692
12980
41949
42432
3558
47302
57403
56460
1795
4876
27993
24638
798
53564
56824
26359
66953
38787
21434
27138
21953
31553
45129
12925
61268
49996
55437
11401
61987
67047
49461
46476
58005
19207
66886
61564
44487
30065
23799
46283
12919
29770
48899
13717
11131
33520
18054
56062
50285
39488
10997
50216
49020
34105
63141
38085
62079
46375
27464
51863
19197
54903
4114
5000
52089
48978
44542
24373
6840
68341
70656
19759
25908
25330
33476
15017
58851
29508
71080
14911
68997
60055
65128
45814
21957
56066
61877
62014
8217
67319
41674
27414
50020
23766
10392
29906
542
54934
54279
7382
51072
30711
5120
54958
56041
16574
47954
20667
46083
46831
35579
42877
34683
28504
66669
34619
62548
34321
24430
70765
29437
44083
25977
7254
67849
36369
15138
68391
19101
47396
53752
48151
5904
58872
8885
39923
3243
56839
38569
27304
9445
52126
48159
22106
8427
20603
56725
48953
54924
59134
47516
62340
31014
1290
69594
4638
15637
62711
51008
12716
37904
32557
38846
43808
69407
47731
61709
50628
10345
28075
5730
19790
7998
53889
41896
66606
2290
4397
43357
57214
63531
18670
25329
320
70141
699
55139
13575
63410
33944
4270
29111
44479
43116
50897
41683
18644
18381
20109
6967
46457
25839
26757
32433
57706
46631
26837
59996
51028
48172
22986
20334
44820
48315
70835
42758
49014
53772
34311
18199
65694
38581
47310
37971
9494
3982
7451
6116
22364
5538
13083
68821
31377
39840
7029
16881
64450
33866
54855
43275
60016
5638
41588
32633
31932
40220
53369
58924
71970
15478
4921
65462
32037
30209
31230
41532
34192
16659
25626
56556
22198
38710
31152
31553
56528
38181
26412
48775
50026
9065
70029
37839
64884
17392
48451
2591
35590
29617
61516
35358
23073
66437
28617
55111
24443
37825
2418
36613
54484
28044
20966
54660
44732
30096
14011
29058
46256
40423
55811
24079
49488
31615
39896
20148
26985
16144
22739
62576
23740
12052
25731
46813
56467
32326
29721
8708
70151
32139
45321
30410
38162
44266
12868
10691
2159
26879
17727
26393
67302
51517
50472
22566
61110
68347
42714
15893
62469
65453
6266
14006
5303
9975
60820
39748
42301
68519
48456
40249
6434
71756
70659
44596
21797
61505
55287
1934
16181
50993
28328
61462
30307
56778
11825
19214
52922
54539
35107
21167
25767
19351
35173
9048
29326
1768
48797
71627
48266
3028
17651
54700
2581
66289
27093
2356
55591
60358
4291
49751
17126
32619
39010
47433
17194
50835
44626
48095
11149
7530
69262
14894
4860
10210
23943
34186
62160
50718
11589
38223
53746
29240
20720
34306
1304
25791
36662
34874
64127
18931
12422
9051
51550
51432
34462
46723
8042
6885
22615
69372
64597
69855
12063
69457
7862
13984
9418
48000
42680
21007
14020
2202
28226
12718
36508
29530
16487
51148
64404
8412
70080
4623
67644
49427
34033
7881
1925
42075
14767
2518
17222
57342
170
7264
32574
58214
71429
41992
34011
41907
63000
48032
44109
19023
38728
58595
48553
55216
37540
18733
41606
13395
23356
15025
40801
35368
22906
42726
5240
15651
45245
441
50971
45415
7705
11342
9404
57112
53335
43416
4794
44132
69426
48903
41133
35951
13273
17483
69145
50814
14194
16526
64209
37551
31551
10785
716
32436
53512
56137
48087
26554
34556
4834
49947
20239
16176
37330
5149
69511
8543
9943
19418
55947
36825
60551
69876
50098
56013
66819
6687
70207
11142
48875
35555
20672
59660
14249
53108
40969
48365
6970
45501
10718
11804
1224
30958
27981
38554
36107
3267
25075
24028
22686
59000
60853
11034
56673
38749
67047
29267
23414
65052
18388
86
6382
39060
59747
70813
19965
6491
46975
4913
51993
57693
66899
31195
16448
22677
47727
30533
3922
599
54562
26608
59599
21190
15621
22047
37917
10465
51315
61332
53495
69703
61418
59878
36560
26940
36466
34503
33432
11238
17394
63403
68931
12090
22395
63358
12745
70122
71869
16668
48699
32206
43276
14073
31375
36875
36120
69292
47341
15232
58421
6611
12732
25615
44467
27270
52555
8730
39751
63965
19968
57146
33143
66878
69236
55538
36011
9779
31435
35677
26447
58112
45862
47701
72185
5034
12374
14081
2123
37693
29313
38523
44304
20024
42116
66750
25272
446
3277
65024
64412
23246
49967
25352
68102
47000
58869
31910
34757
68282
45565
39182
32170
19224
14681
10130
2236
5033
24211
54541
42726
31503
20861
65008
29505
62977
59555
54777
63423
40811
25576
33610
42035
53521
36941
37934
6297
1585
47822
41054
69867
21184
8034
29834
18387
693
17943
70804
5726
42154
53142
26430
1454
1800
69416
8937
42755
56769
63715
11954
3355
67269
45564
45390
48588
10302
11121
54885
11887
58943
23736
59733
58105
9748
67545
54470
10441
13285
53072
66348
33418
34011
20575
12850
13790
17789
21788
56545
52536
63481
46477
55891
58547
19839
7056
34932
8119
18177
17614
70188
55098
19329
35696
41000
29077
9016
23268
39519
280
54318
33664
33698
16126
32218
46548
7894
27985
68336
42418
58499
59614
16692
20165
23937
14509
27221
58869
22629
45398
54462
70795
6271
1588
12266
47271
8643
21282
48517
26140
21562
30632
59805
33238
24737
70001
7584
32631
25783
53898
2846
62260
19288
69720
10222
43225
12026
37443
7869
12633
60819
62331
11225
67090
41897
1469
20136
50541
730
46632
54659
22292
5061
42261
55531
7776
18037
41093
18386
21798
22788
71413
11855
42076
68930
22077
63279
8754
37498
71149
21387
26114
39255
10591
71182
59131
12060
19116
37469
62971
65748
70106
13061
48787
40165
46570
34542
36180
15460
52928
57979
16226
30116
69834
58303
26844
69890
27357
35598
35185
26303
34963
39278
65559
45554
16235
52487
35593
13329
67934
26361
6874
65837
17400
33640
11777
41948
46160
47958
57408
4863
11712
51613
34979
9343
15691
61823
7030
43048
3196
42216
69352
16138
59472
40686
39670
3504
71151
3060
16834
44860
7400
1686
16472
2778
13304
28250
44727
59464
54186
7910
64327
65898
37501
5082
53219
53192
44883
60250
24038
48080
8241
21187
64218
45691
39851
31685
49195
38799
12724
44007
61637
70305
45694
5906
51061
36976
12134
1563
24238
66320
59655
66543
37993
24953
49603
69191
5943
22284
57238
29981
48342
43457
29146
18335
67126
46975
27998
44118
63752
40722
66104
53186
16802
39595
59092
45842
4368
71227
47405
6584
43322
34857
51106
59294
37789
28506
56282
43732
28768
19295
51691
4907
62752
8634
23242
57675
55609
51241
7568
25136
69941
1469
6119
64722
19042
65211
38361
1389
42213
63744
7973
63514
26399
37057
50605
64188
43542
34684
13695
107
53979
65386
5015
22506
51998
6235
58159
13382
57476
65727
38518
33193
45175
44637
25712
64217
15623
64073
65606
57837
33592
51558
49148
37969
66593
5528
7932
37932
40212
21627
38040
72169
14810
21033
22472
66808
27268
8428
7987
12542
52133
24483
23713
25105
69120
49425
67301
12541
19273
60704
48356
52865
18037
3279
18632
12428
8807
26564
50360
49019
26170
66378
48985
18958
15208
49435
13564
42477
57863
71732
32997
37793
24013
56710
40877
71111
11910
35975
11449
31183
2454
37783
62026
20492
41062
58636
10898
49869
12998
61258
4663
17146
33412
31626
36104
48620
8858
27646
69075
44699
27176
7847
60471
29167
64557
29145
6053
54445
43098
67684
13425
45552
33264
53430
44022
52305
39863
54920
7949
30839
21954
12613
47985
55366
22217
11887
9761
9054
39533
6634
31731
44687
14481
19999
51832
57017
27122
57886
39259
70220
53367
30663
21548
14428
11890
65570
44711
51753
26266
52661
10390
48220
43252
58375
31383
43447
70262
41144
52501
15571
25756
12030
60258
40238
10007
39888
3030
37130
25571
42289
13125
56916
749
34673
49322
12639
6019
21831
42371
32285
2289
52761
8302
45541
16911
17663
16785
65152
36785
47265
8520
62542
37273
46756
8555
47280
14441
11585
12207
17990
53874
3311
2703
32602
37984
52026
23219
44003
51835
65590
54266
54124
24126
62568
5440
19016
58209
203
11965
22792
25446
70666
13131
62719
45219
71867
37797
37639
11249
27982
33607
43101
31293
14289
53681
69278
44293
4698
19056
23925
70288
1120
5846
190
41666
61467
19206
27673
39648
31171
50465
65095
7612
41574
55611
30809
41238
21205
46426
30465
49188
7831
51544
8278
22120
33023
55534
44391
37721
52569
68316
13784
53689
52140
13974
1130
41404
11158
28803
8849
20307
7065
1741
27919
26617
35331
36707
45833
56536
10930
4095
11499
18761
55640
69959
18859
66641
31268
63250
32159
11634
37341
23921
43301
17278
15874
44432
36660
27032
1032
45510
47340
58279
25229
53237
12693
38538
17741
58527
850
28672
40600
12349
25411
2015
60286
22249
68656
19352
63477
6590
30986
28616
30512
2085
23872
46386
46517
60533
51396
25527
11818
4511
11603
15025
57749
2275
53564
53468
38780
54414
60118
7177
44741
13327
9193
32825
13554
55827
30155
4828
62418
39119
11422
70908
41204
35295
23069
65699
23625
2262
69205
13421
6774
8605
28446
42501
10880
9807
1744
49660
42199
61863
34816
64919
53168
21987
25541
66722
5611
33674
49528
46007
590
60951
44712
19773
24043
67781
63450
25646
48022
60452
39067
32774
69058
45491
53253
57916
33277
54997
13352
3273
22635
48168
68192
3600
48133
71711
48300
53744
33182
3604
27549
11751
64555
50239
31524
66576
23796
749
70200
71818
61202
15042
32389
36035
60533
63620
21748
21607
46414
13078
24881
69050
39224
71051
50628
15154
48538
4704
68899
9517
8308
2223
71449
50841
30440
8748
45214
54236
9498
21189
31829
70700
36231
42196
34532
24561
33613
34258
46169
7825
25315
49028
54853
64539
25854
11256
7491
2189
66141
4187
61888
2246
56591
61134
31065
14828
69883
4076
47043
7178
3243
6669
55856
39474
48866
68366
64036
60457
8399
15980
68282
33714
65008
28910
26051
18659
18145
33542
71030
12083
15707
60715
14330
50276
49646
23373
43082
25304
27450
17922
10460
8671
2570
66316
48146
29414
40457
39979
17668
48857
55959
63929
60549
26742
70817
14397
23379
16759
25917
22206
28843
19602
10718
21151
69878
38343
44524
40758
63647
49952
36658
1905
58624
39228
46199
34567
68642
14454
52524
64289
41289
14258
56015
29635
18978
54629
22011
42357
71389
47928
42542
6007
